,0
0,0.8208956765809893
1,0.8219372822299652
2,0.8229309153495262
3,0.822824412126109
4,0.8225429185813599
5,0.8221454535508089
6,0.8222532023767445
7,0.8220483344274436
8,0.822588479859954
9,0.8224738844282855
10,0.8222693447120806
11,0.8216039194398156
12,0.8220308959921897
13,0.8204379134474575
14,0.8207674678920703
15,0.8200637487586055
16,0.8197977705398172
17,0.8183699481560033
18,0.8165025795754851
19,0.8143923732094464
20,0.8131738962110118
21,0.8113873066370414
22,0.8109182026292313
23,0.8086873201030146
24,0.8084855240788432
25,0.807593314985945
26,0.8047706239795317
27,0.8036506758235286
28,0.801434004107122
29,0.799229455974684
